********** Wed Jul 27 15:06:11 2016 **********
OUTPUT from smpcr.py  
SMPCR library method by Dong hee Chung and Michael D Toney (UC Davis)
This program calculates the distribution of mutations for each round of SMPCR 
Code written by: Krishna Ravikumar (07/23/2016) 
For Errors/Comments contact : mdtoney@ucdavis.edu 

Ref: Add Paper reference here ..... 

USAGE: python smpcr.py Nmut Nrounds [output_filename]
Numer of Initial Mutations:  8
Numer of PCR Rounds:  10
Output File Name:   smpcr.out
**********************************************

Proportions of single-mutations, double-mutations, ... etc in the sample: 
--------------------------------------------------------------------
Round 1-Mut(%) 2-Mut(%) 3-Mut(%) 4-Mut(%) 5-Mut(%) 6-Mut(%) 7-Mut(%) 8-Mut(%) Unique Mutations(#)
    1    100.0      0.0      0.0      0.0      0.0      0.0      0.0      0.0       8
    2     23.4     65.6     10.9      0.0      0.0      0.0      0.0      0.0      92
    3      6.0     38.2     42.8     11.8      1.2      0.0      0.0      0.0     254
    4      1.6     17.7     40.4     30.0      9.0      1.2      0.1      0.0     255
    5      0.5      7.6     28.0     36.8     20.9      5.6      0.7      0.0     255
    6      0.1      3.1     17.0     33.9     30.1     12.9      2.6      0.2     255
    7      0.0      1.3      9.6     26.8     34.1     21.2      6.3      0.7     255
    8      0.0      0.5      5.2     19.4     33.4     28.3     11.4      1.8     255
    9      0.0      0.2      2.7     13.2     29.8     33.0     17.5      3.6     255
   10      0.0      0.1      1.4      8.7     24.8     35.1     23.8      6.2     255
--------------------------------------------------------------------

Mutation,  Population proportion in PCR Round 1, 2, 3 ... etc ---->
--------------------------------------------------------------------
(7,),12.500, 1.562, 0.195, 0.024, 0.003, 0.000, 0.000, 0.000, 0.000, 0.000,
(0,),12.500, 1.562, 0.195, 0.024, 0.003, 0.000, 0.000, 0.000, 0.000, 0.000,
(4,),12.500, 3.906, 1.221, 0.381, 0.119, 0.037, 0.012, 0.004, 0.001, 0.000,
(1,),12.500, 2.734, 0.598, 0.131, 0.029, 0.006, 0.001, 0.000, 0.000, 0.000,
(3,),12.500, 3.906, 1.221, 0.381, 0.119, 0.037, 0.012, 0.004, 0.001, 0.000,
(5,),12.500, 3.516, 0.989, 0.278, 0.078, 0.022, 0.006, 0.002, 0.000, 0.000,
(2,),12.500, 3.516, 0.989, 0.278, 0.078, 0.022, 0.006, 0.002, 0.000, 0.000,
(6,),12.500, 2.734, 0.598, 0.131, 0.029, 0.006, 0.001, 0.000, 0.000, 0.000,
(0, 7), 0.000, 3.125, 1.172, 0.342, 0.092, 0.024, 0.006, 0.002, 0.000, 0.000,
(1, 6), 0.000, 2.734, 1.645, 0.761, 0.320, 0.129, 0.051, 0.020, 0.008, 0.003,
(3, 7), 0.000, 2.539, 1.492, 0.703, 0.307, 0.130, 0.054, 0.022, 0.009, 0.004,
(2, 5), 0.000, 2.344, 1.648, 0.881, 0.424, 0.193, 0.086, 0.037, 0.016, 0.007,
(6, 7), 0.000, 1.953, 0.769, 0.235, 0.066, 0.018, 0.005, 0.001, 0.000, 0.000,
(0, 4), 0.000, 2.539, 1.492, 0.703, 0.307, 0.130, 0.054, 0.022, 0.009, 0.004,
(2, 6), 0.000, 2.539, 1.670, 0.843, 0.386, 0.169, 0.072, 0.030, 0.013, 0.005,
(4, 5), 0.000, 1.953, 1.306, 0.659, 0.297, 0.126, 0.052, 0.021, 0.008, 0.003,
(0, 1), 0.000, 1.953, 0.769, 0.235, 0.066, 0.018, 0.005, 0.001, 0.000, 0.000,
(1, 7), 0.000, 2.930, 1.456, 0.567, 0.204, 0.070, 0.024, 0.008, 0.003, 0.001,
(1, 5), 0.000, 2.539, 1.670, 0.843, 0.386, 0.169, 0.072, 0.030, 0.013, 0.005,
(3, 6), 0.000, 2.344, 1.566, 0.803, 0.373, 0.166, 0.072, 0.030, 0.013, 0.005,
(0, 3), 0.000, 2.344, 1.318, 0.595, 0.250, 0.102, 0.040, 0.016, 0.006, 0.002,
(0, 5), 0.000, 2.734, 1.550, 0.698, 0.291, 0.117, 0.046, 0.018, 0.007, 0.003,
(3, 5), 0.000, 2.148, 1.516, 0.810, 0.388, 0.176, 0.077, 0.033, 0.014, 0.006,
(2, 7), 0.000, 2.734, 1.550, 0.698, 0.291, 0.117, 0.046, 0.018, 0.007, 0.003,
(4, 6), 0.000, 2.148, 1.366, 0.665, 0.293, 0.123, 0.050, 0.020, 0.008, 0.003,
(5, 7), 0.000, 2.148, 1.065, 0.420, 0.154, 0.055, 0.019, 0.007, 0.002, 0.001,
(0, 2), 0.000, 2.148, 1.065, 0.420, 0.154, 0.055, 0.019, 0.007, 0.002, 0.001,
(1, 3), 0.000, 2.148, 1.366, 0.665, 0.293, 0.123, 0.050, 0.020, 0.008, 0.003,
(1, 4), 0.000, 2.344, 1.566, 0.803, 0.373, 0.166, 0.072, 0.030, 0.013, 0.005,
(2, 3), 0.000, 1.953, 1.306, 0.659, 0.297, 0.126, 0.052, 0.021, 0.008, 0.003,
(0, 6), 0.000, 2.930, 1.456, 0.567, 0.204, 0.070, 0.024, 0.008, 0.003, 0.001,
(3, 4), 0.000, 1.953, 1.373, 0.727, 0.344, 0.153, 0.066, 0.027, 0.011, 0.005,
(2, 4), 0.000, 2.148, 1.516, 0.810, 0.388, 0.176, 0.077, 0.033, 0.014, 0.006,
(4, 7), 0.000, 2.344, 1.318, 0.595, 0.250, 0.102, 0.040, 0.016, 0.006, 0.002,
(5, 6), 0.000, 1.953, 1.105, 0.474, 0.183, 0.067, 0.024, 0.008, 0.003, 0.001,
(1, 2), 0.000, 1.953, 1.105, 0.474, 0.183, 0.067, 0.024, 0.008, 0.003, 0.001,
(0, 5, 7), 0.000, 0.195, 0.937, 0.785, 0.480, 0.258, 0.129, 0.062, 0.029, 0.014,
(2, 6, 7), 0.000, 0.195, 0.784, 0.716, 0.482, 0.285, 0.157, 0.083, 0.042, 0.021,
(0, 2, 3), 0.000, 0.195, 0.644, 0.578, 0.381, 0.219, 0.116, 0.059, 0.029, 0.014,
(0, 2, 5), 0.000, 0.195, 0.807, 0.790, 0.567, 0.354, 0.205, 0.113, 0.061, 0.032,
(0, 2, 7), 0.000, 0.195, 0.937, 0.785, 0.480, 0.258, 0.129, 0.062, 0.029, 0.014,
(1, 2, 4), 0.000, 0.195, 0.669, 0.667, 0.486, 0.306, 0.177, 0.098, 0.052, 0.027,
(2, 5, 7), 0.000, 0.195, 0.807, 0.790, 0.567, 0.354, 0.205, 0.113, 0.061, 0.032,
(1, 3, 7), 0.000, 0.195, 0.879, 0.846, 0.591, 0.359, 0.202, 0.108, 0.056, 0.029,
(1, 2, 6), 0.000, 0.195, 0.797, 0.789, 0.564, 0.348, 0.198, 0.107, 0.056, 0.029,
(1, 3, 5), 0.000, 0.195, 0.749, 0.788, 0.601, 0.395, 0.239, 0.137, 0.076, 0.041,
(1, 5, 7), 0.000, 0.195, 0.877, 0.825, 0.565, 0.337, 0.187, 0.099, 0.051, 0.026,
(3, 4, 5), 0.000, 0.195, 0.614, 0.626, 0.465, 0.297, 0.174, 0.096, 0.051, 0.026,
(2, 3, 4), 0.000, 0.195, 0.614, 0.626, 0.465, 0.297, 0.174, 0.096, 0.051, 0.026,
(0, 4, 6), 0.000, 0.195, 0.879, 0.846, 0.591, 0.359, 0.202, 0.108, 0.056, 0.029,
(3, 4, 7), 0.000, 0.195, 0.723, 0.706, 0.504, 0.313, 0.179, 0.097, 0.051, 0.026,
(2, 3, 6), 0.000, 0.195, 0.741, 0.772, 0.583, 0.379, 0.226, 0.128, 0.070, 0.037,
(0, 1, 4), 0.000, 0.195, 0.714, 0.649, 0.437, 0.260, 0.144, 0.076, 0.039, 0.020,
(0, 1, 6), 0.000, 0.195, 0.842, 0.723, 0.452, 0.246, 0.125, 0.061, 0.029, 0.013,
(0, 6, 7), 0.000, 0.195, 0.888, 0.653, 0.346, 0.159, 0.068, 0.028, 0.011, 0.004,
(2, 4, 6), 0.000, 0.195, 0.749, 0.788, 0.601, 0.395, 0.239, 0.137, 0.076, 0.041,
(4, 5, 6), 0.000, 0.195, 0.594, 0.552, 0.375, 0.220, 0.118, 0.060, 0.030, 0.014,
(4, 6, 7), 0.000, 0.195, 0.636, 0.541, 0.342, 0.190, 0.098, 0.049, 0.024, 0.011,
(3, 5, 6), 0.000, 0.195, 0.669, 0.667, 0.486, 0.306, 0.177, 0.098, 0.052, 0.027,
(1, 4, 7), 0.000, 0.195, 0.890, 0.868, 0.617, 0.382, 0.219, 0.120, 0.064, 0.034,
(0, 5, 6), 0.000, 0.195, 0.845, 0.762, 0.495, 0.278, 0.144, 0.071, 0.034, 0.016,
(1, 4, 5), 0.000, 0.195, 0.741, 0.772, 0.583, 0.379, 0.226, 0.128, 0.070, 0.037,
(0, 3, 7), 0.000, 0.195, 0.961, 0.856, 0.561, 0.324, 0.175, 0.091, 0.046, 0.023,
(0, 1, 2), 0.000, 0.195, 0.552, 0.414, 0.229, 0.110, 0.049, 0.021, 0.009, 0.004,
(0, 2, 4), 0.000, 0.195, 0.729, 0.701, 0.496, 0.306, 0.175, 0.095, 0.050, 0.026,
(0, 2, 6), 0.000, 0.195, 0.877, 0.825, 0.565, 0.337, 0.187, 0.099, 0.051, 0.026,
(1, 2, 3), 0.000, 0.195, 0.594, 0.552, 0.375, 0.220, 0.118, 0.060, 0.030, 0.014,
(2, 5, 6), 0.000, 0.195, 0.738, 0.752, 0.558, 0.357, 0.211, 0.118, 0.064, 0.034,
(0, 1, 3), 0.000, 0.195, 0.636, 0.541, 0.342, 0.190, 0.098, 0.049, 0.024, 0.011,
(1, 2, 5), 0.000, 0.195, 0.738, 0.752, 0.558, 0.357, 0.211, 0.118, 0.064, 0.034,
(1, 3, 6), 0.000, 0.195, 0.819, 0.847, 0.634, 0.410, 0.244, 0.138, 0.076, 0.041,
(1, 2, 7), 0.000, 0.195, 0.845, 0.762, 0.495, 0.278, 0.144, 0.071, 0.034, 0.016,
(1, 5, 6), 0.000, 0.195, 0.797, 0.789, 0.564, 0.348, 0.198, 0.107, 0.056, 0.029,
(0, 4, 7), 0.000, 0.195, 0.961, 0.856, 0.561, 0.324, 0.175, 0.091, 0.046, 0.023,
(1, 3, 4), 0.000, 0.195, 0.673, 0.686, 0.510, 0.326, 0.192, 0.107, 0.057, 0.030,
(3, 4, 6), 0.000, 0.195, 0.673, 0.686, 0.510, 0.326, 0.192, 0.107, 0.057, 0.030,
(2, 3, 5), 0.000, 0.195, 0.681, 0.717, 0.549, 0.362, 0.218, 0.125, 0.069, 0.037,
(0, 3, 5), 0.000, 0.195, 0.809, 0.811, 0.593, 0.376, 0.221, 0.123, 0.067, 0.035,
(0, 4, 5), 0.000, 0.195, 0.790, 0.774, 0.551, 0.339, 0.193, 0.104, 0.054, 0.027,
(2, 3, 7), 0.000, 0.195, 0.790, 0.774, 0.551, 0.339, 0.193, 0.104, 0.054, 0.027,
(5, 6, 7), 0.000, 0.195, 0.552, 0.414, 0.229, 0.110, 0.049, 0.021, 0.009, 0.004,
(0, 1, 7), 0.000, 0.195, 0.888, 0.653, 0.346, 0.159, 0.068, 0.028, 0.011, 0.004,
(0, 1, 5), 0.000, 0.195, 0.784, 0.716, 0.482, 0.285, 0.157, 0.083, 0.042, 0.021,
(2, 4, 5), 0.000, 0.195, 0.681, 0.717, 0.549, 0.362, 0.218, 0.125, 0.069, 0.037,
(3, 6, 7), 0.000, 0.195, 0.714, 0.649, 0.437, 0.260, 0.144, 0.076, 0.039, 0.020,
(2, 4, 7), 0.000, 0.195, 0.809, 0.811, 0.593, 0.376, 0.221, 0.123, 0.067, 0.035,
(1, 6, 7), 0.000, 0.195, 0.842, 0.723, 0.452, 0.246, 0.125, 0.061, 0.029, 0.013,
(0, 3, 6), 0.000, 0.195, 0.890, 0.868, 0.617, 0.382, 0.219, 0.120, 0.064, 0.034,
(4, 5, 7), 0.000, 0.195, 0.644, 0.578, 0.381, 0.219, 0.116, 0.059, 0.029, 0.014,
(0, 3, 4), 0.000, 0.195, 0.723, 0.706, 0.504, 0.313, 0.179, 0.097, 0.051, 0.026,
(3, 5, 7), 0.000, 0.195, 0.729, 0.701, 0.496, 0.306, 0.175, 0.095, 0.050, 0.026,
(1, 4, 6), 0.000, 0.195, 0.819, 0.847, 0.634, 0.410, 0.244, 0.138, 0.076, 0.041,
(0, 1, 6, 7), 0.000, 0.000, 0.186, 0.479, 0.517, 0.410, 0.279, 0.173, 0.102, 0.057,
(0, 1, 2, 5), 0.000, 0.000, 0.164, 0.397, 0.474, 0.430, 0.336, 0.241, 0.163, 0.106,
(1, 2, 4, 7), 0.000, 0.000, 0.176, 0.463, 0.584, 0.550, 0.444, 0.327, 0.226, 0.150,
(2, 3, 5, 7), 0.000, 0.000, 0.166, 0.424, 0.539, 0.515, 0.422, 0.315, 0.221, 0.148,
(0, 2, 5, 6), 0.000, 0.000, 0.177, 0.471, 0.592, 0.555, 0.446, 0.327, 0.225, 0.149,
(0, 2, 3, 4), 0.000, 0.000, 0.153, 0.364, 0.442, 0.405, 0.319, 0.229, 0.154, 0.099,
(2, 3, 6, 7), 0.000, 0.000, 0.166, 0.421, 0.522, 0.486, 0.389, 0.283, 0.194, 0.127,
(1, 5, 6, 7), 0.000, 0.000, 0.174, 0.427, 0.499, 0.438, 0.331, 0.228, 0.149, 0.093,
(2, 4, 5, 7), 0.000, 0.000, 0.164, 0.413, 0.521, 0.494, 0.403, 0.300, 0.209, 0.140,
(0, 1, 5, 7), 0.000, 0.000, 0.188, 0.501, 0.582, 0.502, 0.372, 0.253, 0.163, 0.101,
(0, 4, 6, 7), 0.000, 0.000, 0.186, 0.480, 0.555, 0.479, 0.357, 0.244, 0.157, 0.098,
(3, 4, 5, 6), 0.000, 0.000, 0.144, 0.337, 0.414, 0.384, 0.306, 0.221, 0.150, 0.097,
(0, 1, 3, 6), 0.000, 0.000, 0.176, 0.456, 0.561, 0.517, 0.410, 0.298, 0.203, 0.134,
(0, 1, 2, 3), 0.000, 0.000, 0.142, 0.302, 0.326, 0.268, 0.190, 0.123, 0.075, 0.044,
(0, 1, 3, 5), 0.000, 0.000, 0.165, 0.417, 0.517, 0.484, 0.390, 0.287, 0.198, 0.132,
(0, 3, 5, 6), 0.000, 0.000, 0.176, 0.463, 0.584, 0.550, 0.444, 0.327, 0.226, 0.150,
(0, 2, 4, 6), 0.000, 0.000, 0.176, 0.471, 0.602, 0.577, 0.474, 0.355, 0.250, 0.168,
(1, 2, 3, 7), 0.000, 0.000, 0.174, 0.438, 0.532, 0.483, 0.375, 0.265, 0.176, 0.111,
(0, 2, 4, 5), 0.000, 0.000, 0.166, 0.424, 0.539, 0.515, 0.422, 0.315, 0.221, 0.148,
(2, 5, 6, 7), 0.000, 0.000, 0.164, 0.397, 0.474, 0.430, 0.336, 0.241, 0.163, 0.106,
(0, 1, 2, 6), 0.000, 0.000, 0.174, 0.427, 0.499, 0.438, 0.331, 0.228, 0.149, 0.093,
(0, 3, 4, 5), 0.000, 0.000, 0.164, 0.411, 0.517, 0.490, 0.398, 0.293, 0.202, 0.134,
(0, 4, 5, 6), 0.000, 0.000, 0.174, 0.438, 0.532, 0.483, 0.375, 0.265, 0.176, 0.111,
(0, 3, 5, 7), 0.000, 0.000, 0.186, 0.504, 0.622, 0.573, 0.454, 0.329, 0.224, 0.147,
(0, 1, 4, 6), 0.000, 0.000, 0.177, 0.468, 0.581, 0.540, 0.431, 0.314, 0.215, 0.142,
(1, 2, 6, 7), 0.000, 0.000, 0.176, 0.460, 0.553, 0.495, 0.379, 0.265, 0.174, 0.109,
(2, 4, 6, 7), 0.000, 0.000, 0.165, 0.417, 0.517, 0.484, 0.390, 0.287, 0.198, 0.132,
(1, 4, 6, 7), 0.000, 0.000, 0.176, 0.456, 0.561, 0.517, 0.410, 0.298, 0.203, 0.134,
(1, 4, 5, 7), 0.000, 0.000, 0.174, 0.452, 0.567, 0.534, 0.431, 0.317, 0.219, 0.145,
(2, 3, 5, 6), 0.000, 0.000, 0.156, 0.392, 0.505, 0.490, 0.408, 0.308, 0.218, 0.147,
(1, 3, 6, 7), 0.000, 0.000, 0.177, 0.468, 0.581, 0.540, 0.431, 0.314, 0.215, 0.142,
(0, 5, 6, 7), 0.000, 0.000, 0.183, 0.440, 0.473, 0.378, 0.259, 0.162, 0.096, 0.055,
(0, 2, 5, 7), 0.000, 0.000, 0.188, 0.513, 0.628, 0.573, 0.449, 0.322, 0.218, 0.142,
(1, 3, 4, 6), 0.000, 0.000, 0.165, 0.427, 0.557, 0.546, 0.458, 0.349, 0.249, 0.170,
(0, 2, 3, 5), 0.000, 0.000, 0.164, 0.413, 0.521, 0.494, 0.403, 0.300, 0.209, 0.140,
(0, 2, 3, 6), 0.000, 0.000, 0.174, 0.452, 0.567, 0.534, 0.431, 0.317, 0.219, 0.145,
(0, 1, 5, 6), 0.000, 0.000, 0.176, 0.460, 0.553, 0.495, 0.379, 0.265, 0.174, 0.109,
(1, 2, 4, 6), 0.000, 0.000, 0.166, 0.434, 0.564, 0.550, 0.460, 0.349, 0.248, 0.169,
(2, 3, 4, 5), 0.000, 0.000, 0.145, 0.349, 0.445, 0.429, 0.355, 0.266, 0.186, 0.125,
(0, 3, 4, 6), 0.000, 0.000, 0.174, 0.455, 0.579, 0.551, 0.449, 0.333, 0.232, 0.155,
(2, 3, 4, 6), 0.000, 0.000, 0.155, 0.386, 0.498, 0.484, 0.403, 0.305, 0.216, 0.146,
(0, 1, 3, 4), 0.000, 0.000, 0.154, 0.367, 0.439, 0.397, 0.310, 0.221, 0.148, 0.095,
(1, 2, 5, 7), 0.000, 0.000, 0.177, 0.471, 0.592, 0.555, 0.446, 0.327, 0.225, 0.149,
(0, 3, 6, 7), 0.000, 0.000, 0.188, 0.501, 0.595, 0.527, 0.403, 0.283, 0.187, 0.120,
(1, 2, 3, 6), 0.000, 0.000, 0.165, 0.417, 0.531, 0.507, 0.415, 0.309, 0.216, 0.144,
(1, 2, 3, 5), 0.000, 0.000, 0.155, 0.382, 0.487, 0.468, 0.386, 0.290, 0.204, 0.137,
(0, 2, 6, 7), 0.000, 0.000, 0.188, 0.501, 0.582, 0.502, 0.372, 0.253, 0.163, 0.101,
(1, 3, 5, 7), 0.000, 0.000, 0.176, 0.471, 0.602, 0.577, 0.474, 0.355, 0.250, 0.168,
(0, 1, 2, 7), 0.000, 0.000, 0.183, 0.440, 0.473, 0.378, 0.259, 0.162, 0.096, 0.055,
(0, 1, 2, 4), 0.000, 0.000, 0.153, 0.353, 0.411, 0.364, 0.278, 0.195, 0.129, 0.082,
(0, 1, 4, 7), 0.000, 0.000, 0.188, 0.501, 0.595, 0.527, 0.403, 0.283, 0.187, 0.120,
(1, 4, 5, 6), 0.000, 0.000, 0.165, 0.417, 0.531, 0.507, 0.415, 0.309, 0.216, 0.144,
(1, 2, 4, 5), 0.000, 0.000, 0.156, 0.392, 0.505, 0.490, 0.408, 0.308, 0.218, 0.147,
(3, 5, 6, 7), 0.000, 0.000, 0.153, 0.353, 0.411, 0.364, 0.278, 0.195, 0.129, 0.082,
(1, 3, 4, 5), 0.000, 0.000, 0.155, 0.386, 0.498, 0.484, 0.403, 0.305, 0.216, 0.146,
(0, 1, 4, 5), 0.000, 0.000, 0.166, 0.421, 0.522, 0.486, 0.389, 0.283, 0.194, 0.127,
(0, 2, 3, 7), 0.000, 0.000, 0.183, 0.475, 0.567, 0.504, 0.385, 0.268, 0.176, 0.111,
(1, 3, 4, 7), 0.000, 0.000, 0.174, 0.455, 0.579, 0.551, 0.449, 0.333, 0.232, 0.155,
(2, 4, 5, 6), 0.000, 0.000, 0.155, 0.382, 0.487, 0.468, 0.386, 0.290, 0.204, 0.137,
(0, 3, 4, 7), 0.000, 0.000, 0.183, 0.487, 0.600, 0.552, 0.436, 0.314, 0.213, 0.139,
(2, 3, 4, 7), 0.000, 0.000, 0.164, 0.411, 0.517, 0.490, 0.398, 0.293, 0.202, 0.134,
(3, 4, 5, 7), 0.000, 0.000, 0.153, 0.364, 0.442, 0.405, 0.319, 0.229, 0.154, 0.099,
(0, 1, 3, 7), 0.000, 0.000, 0.186, 0.480, 0.555, 0.479, 0.357, 0.244, 0.157, 0.098,
(1, 2, 5, 6), 0.000, 0.000, 0.166, 0.434, 0.557, 0.535, 0.439, 0.328, 0.229, 0.154,
(1, 3, 5, 6), 0.000, 0.000, 0.166, 0.434, 0.564, 0.550, 0.460, 0.349, 0.248, 0.169,
(4, 5, 6, 7), 0.000, 0.000, 0.142, 0.302, 0.326, 0.268, 0.190, 0.123, 0.075, 0.044,
(0, 2, 4, 7), 0.000, 0.000, 0.186, 0.504, 0.622, 0.573, 0.454, 0.329, 0.224, 0.147,
(1, 2, 3, 4), 0.000, 0.000, 0.144, 0.337, 0.414, 0.384, 0.306, 0.221, 0.150, 0.097,
(3, 4, 6, 7), 0.000, 0.000, 0.154, 0.367, 0.439, 0.397, 0.310, 0.221, 0.148, 0.095,
(0, 4, 5, 7), 0.000, 0.000, 0.183, 0.475, 0.567, 0.504, 0.385, 0.268, 0.176, 0.111,
(1, 2, 5, 6, 7), 0.000, 0.000, 0.021, 0.163, 0.379, 0.547, 0.618, 0.603, 0.534, 0.443,
(0, 1, 3, 6, 7), 0.000, 0.000, 0.021, 0.180, 0.421, 0.596, 0.658, 0.627, 0.544, 0.443,
(1, 3, 4, 5, 6), 0.000, 0.000, 0.020, 0.147, 0.344, 0.513, 0.600, 0.608, 0.558, 0.478,
(0, 1, 3, 4, 6), 0.000, 0.000, 0.021, 0.161, 0.380, 0.560, 0.647, 0.646, 0.585, 0.496,
(0, 1, 2, 3, 5), 0.000, 0.000, 0.020, 0.144, 0.322, 0.459, 0.516, 0.503, 0.447, 0.372,
(0, 1, 2, 4, 5), 0.000, 0.000, 0.020, 0.147, 0.336, 0.486, 0.552, 0.544, 0.486, 0.407,
(1, 2, 4, 6, 7), 0.000, 0.000, 0.021, 0.165, 0.391, 0.576, 0.664, 0.661, 0.598, 0.505,
(0, 3, 4, 5, 7), 0.000, 0.000, 0.021, 0.169, 0.395, 0.573, 0.649, 0.635, 0.564, 0.468,
(0, 1, 3, 5, 6), 0.000, 0.000, 0.021, 0.165, 0.391, 0.576, 0.664, 0.661, 0.598, 0.505,
(1, 2, 3, 4, 6), 0.000, 0.000, 0.020, 0.147, 0.344, 0.513, 0.600, 0.608, 0.558, 0.478,
(0, 1, 3, 4, 5), 0.000, 0.000, 0.020, 0.148, 0.340, 0.494, 0.565, 0.559, 0.502, 0.421,
(1, 2, 3, 6, 7), 0.000, 0.000, 0.021, 0.163, 0.382, 0.556, 0.631, 0.619, 0.551, 0.458,
(0, 1, 2, 3, 4), 0.000, 0.000, 0.019, 0.129, 0.277, 0.379, 0.411, 0.386, 0.330, 0.264,
(0, 1, 4, 6, 7), 0.000, 0.000, 0.021, 0.180, 0.421, 0.596, 0.658, 0.627, 0.544, 0.443,
(3, 4, 5, 6, 7), 0.000, 0.000, 0.019, 0.129, 0.277, 0.379, 0.411, 0.386, 0.330, 0.264,
(0, 1, 5, 6, 7), 0.000, 0.000, 0.021, 0.175, 0.397, 0.540, 0.571, 0.521, 0.432, 0.335,
(0, 2, 5, 6, 7), 0.000, 0.000, 0.021, 0.176, 0.410, 0.581, 0.642, 0.614, 0.534, 0.436,
(0, 3, 4, 5, 6), 0.000, 0.000, 0.021, 0.157, 0.365, 0.532, 0.608, 0.601, 0.538, 0.450,
(0, 2, 3, 4, 6), 0.000, 0.000, 0.021, 0.159, 0.373, 0.552, 0.642, 0.645, 0.587, 0.500,
(1, 2, 3, 5, 6), 0.000, 0.000, 0.020, 0.150, 0.355, 0.530, 0.623, 0.631, 0.580, 0.498,
(1, 2, 4, 5, 7), 0.000, 0.000, 0.021, 0.162, 0.384, 0.571, 0.664, 0.667, 0.608, 0.518,
(0, 1, 3, 5, 7), 0.000, 0.000, 0.021, 0.178, 0.424, 0.616, 0.699, 0.685, 0.611, 0.510,
(0, 3, 5, 6, 7), 0.000, 0.000, 0.021, 0.173, 0.398, 0.563, 0.624, 0.598, 0.522, 0.427,
(1, 2, 3, 4, 5), 0.000, 0.000, 0.019, 0.135, 0.308, 0.452, 0.523, 0.524, 0.476, 0.403,
(1, 3, 4, 5, 7), 0.000, 0.000, 0.021, 0.159, 0.373, 0.552, 0.642, 0.645, 0.587, 0.500,
(0, 2, 4, 6, 7), 0.000, 0.000, 0.021, 0.178, 0.424, 0.616, 0.699, 0.685, 0.611, 0.510,
(0, 1, 2, 3, 7), 0.000, 0.000, 0.021, 0.165, 0.364, 0.496, 0.527, 0.484, 0.405, 0.317,
(2, 3, 4, 5, 7), 0.000, 0.000, 0.020, 0.145, 0.333, 0.487, 0.560, 0.556, 0.502, 0.422,
(0, 1, 2, 5, 7), 0.000, 0.000, 0.021, 0.176, 0.410, 0.581, 0.642, 0.614, 0.534, 0.436,
(0, 2, 3, 4, 7), 0.000, 0.000, 0.021, 0.169, 0.395, 0.573, 0.649, 0.635, 0.564, 0.468,
(0, 2, 3, 6, 7), 0.000, 0.000, 0.021, 0.176, 0.414, 0.596, 0.669, 0.647, 0.570, 0.469,
(2, 4, 5, 6, 7), 0.000, 0.000, 0.020, 0.144, 0.322, 0.459, 0.516, 0.503, 0.447, 0.372,
(0, 1, 2, 3, 6), 0.000, 0.000, 0.021, 0.156, 0.354, 0.503, 0.563, 0.546, 0.481, 0.397,
(2, 3, 4, 5, 6), 0.000, 0.000, 0.019, 0.135, 0.308, 0.452, 0.523, 0.524, 0.476, 0.403,
(0, 1, 4, 5, 7), 0.000, 0.000, 0.021, 0.176, 0.414, 0.596, 0.669, 0.647, 0.570, 0.469,
(1, 3, 4, 6, 7), 0.000, 0.000, 0.021, 0.161, 0.380, 0.560, 0.647, 0.646, 0.585, 0.496,
(0, 1, 2, 5, 6), 0.000, 0.000, 0.021, 0.163, 0.379, 0.547, 0.618, 0.603, 0.534, 0.443,
(1, 4, 5, 6, 7), 0.000, 0.000, 0.021, 0.156, 0.354, 0.503, 0.563, 0.546, 0.481, 0.397,
(1, 2, 3, 4, 7), 0.000, 0.000, 0.021, 0.157, 0.365, 0.532, 0.608, 0.601, 0.538, 0.450,
(1, 2, 4, 5, 6), 0.000, 0.000, 0.020, 0.150, 0.355, 0.530, 0.623, 0.631, 0.580, 0.498,
(0, 2, 4, 5, 6), 0.000, 0.000, 0.021, 0.162, 0.384, 0.568, 0.659, 0.660, 0.600, 0.509,
(0, 1, 2, 4, 6), 0.000, 0.000, 0.021, 0.161, 0.377, 0.549, 0.629, 0.622, 0.561, 0.473,
(0, 2, 3, 4, 5), 0.000, 0.000, 0.020, 0.145, 0.333, 0.487, 0.560, 0.556, 0.502, 0.422,
(1, 3, 5, 6, 7), 0.000, 0.000, 0.021, 0.161, 0.377, 0.549, 0.629, 0.622, 0.561, 0.473,
(2, 3, 4, 6, 7), 0.000, 0.000, 0.020, 0.148, 0.340, 0.494, 0.565, 0.559, 0.502, 0.421,
(0, 2, 3, 5, 7), 0.000, 0.000, 0.021, 0.175, 0.416, 0.611, 0.701, 0.695, 0.626, 0.527,
(0, 2, 4, 5, 7), 0.000, 0.000, 0.021, 0.175, 0.416, 0.611, 0.701, 0.695, 0.626, 0.527,
(0, 1, 2, 4, 7), 0.000, 0.000, 0.021, 0.173, 0.398, 0.563, 0.624, 0.598, 0.522, 0.427,
(0, 1, 4, 5, 6), 0.000, 0.000, 0.021, 0.163, 0.382, 0.556, 0.631, 0.619, 0.551, 0.458,
(0, 3, 4, 6, 7), 0.000, 0.000, 0.021, 0.172, 0.403, 0.579, 0.650, 0.631, 0.557, 0.460,
(2, 3, 5, 6, 7), 0.000, 0.000, 0.020, 0.147, 0.336, 0.486, 0.552, 0.544, 0.486, 0.407,
(0, 1, 2, 6, 7), 0.000, 0.000, 0.021, 0.175, 0.397, 0.540, 0.571, 0.521, 0.432, 0.335,
(0, 4, 5, 6, 7), 0.000, 0.000, 0.021, 0.165, 0.364, 0.496, 0.527, 0.484, 0.405, 0.317,
(0, 2, 3, 5, 6), 0.000, 0.000, 0.021, 0.162, 0.384, 0.571, 0.664, 0.667, 0.608, 0.518,
(1, 2, 3, 5, 7), 0.000, 0.000, 0.021, 0.162, 0.384, 0.568, 0.659, 0.660, 0.600, 0.509,
(0, 1, 3, 4, 7), 0.000, 0.000, 0.021, 0.172, 0.403, 0.579, 0.650, 0.631, 0.557, 0.460,
(0, 2, 3, 5, 6, 7), 0.000, 0.000, 0.002, 0.045, 0.211, 0.493, 0.812, 1.085, 1.268, 1.350,
(0, 1, 3, 5, 6, 7), 0.000, 0.000, 0.001, 0.046, 0.217, 0.504, 0.824, 1.093, 1.267, 1.338,
(0, 1, 2, 4, 5, 7), 0.000, 0.000, 0.002, 0.045, 0.211, 0.493, 0.812, 1.085, 1.268, 1.350,
(0, 1, 2, 3, 4, 7), 0.000, 0.000, 0.002, 0.044, 0.199, 0.453, 0.729, 0.955, 1.094, 1.142,
(0, 3, 4, 5, 6, 7), 0.000, 0.000, 0.002, 0.044, 0.199, 0.453, 0.729, 0.955, 1.094, 1.142,
(0, 1, 2, 3, 5, 6), 0.000, 0.000, 0.001, 0.042, 0.193, 0.449, 0.741, 0.998, 1.174, 1.259,
(2, 3, 4, 5, 6, 7), 0.000, 0.000, 0.001, 0.039, 0.168, 0.381, 0.617, 0.817, 0.949, 1.003,
(1, 2, 4, 5, 6, 7), 0.000, 0.000, 0.001, 0.042, 0.193, 0.449, 0.741, 0.998, 1.174, 1.259,
(0, 2, 4, 5, 6, 7), 0.000, 0.000, 0.001, 0.045, 0.209, 0.485, 0.793, 1.055, 1.228, 1.302,
(0, 1, 2, 3, 4, 6), 0.000, 0.000, 0.001, 0.042, 0.187, 0.431, 0.709, 0.951, 1.117, 1.195,
(0, 2, 3, 4, 6, 7), 0.000, 0.000, 0.001, 0.045, 0.210, 0.492, 0.811, 1.088, 1.276, 1.362,
(1, 2, 3, 5, 6, 7), 0.000, 0.000, 0.001, 0.043, 0.195, 0.455, 0.754, 1.016, 1.198, 1.285,
(1, 2, 3, 4, 5, 6), 0.000, 0.000, 0.001, 0.039, 0.174, 0.407, 0.679, 0.925, 1.102, 1.195,
(1, 3, 4, 5, 6, 7), 0.000, 0.000, 0.001, 0.042, 0.187, 0.431, 0.709, 0.951, 1.117, 1.195,
(1, 2, 3, 4, 5, 7), 0.000, 0.000, 0.001, 0.042, 0.189, 0.441, 0.733, 0.993, 1.177, 1.269,
(1, 2, 3, 4, 6, 7), 0.000, 0.000, 0.001, 0.042, 0.194, 0.453, 0.751, 1.015, 1.199, 1.289,
(0, 1, 4, 5, 6, 7), 0.000, 0.000, 0.001, 0.045, 0.210, 0.482, 0.775, 1.010, 1.151, 1.195,
(0, 1, 2, 3, 5, 7), 0.000, 0.000, 0.001, 0.045, 0.209, 0.485, 0.793, 1.055, 1.228, 1.302,
(0, 1, 2, 5, 6, 7), 0.000, 0.000, 0.002, 0.046, 0.214, 0.491, 0.788, 1.026, 1.167, 1.210,
(0, 2, 3, 4, 5, 6), 0.000, 0.000, 0.001, 0.042, 0.189, 0.441, 0.733, 0.993, 1.177, 1.269,
(0, 1, 2, 3, 6, 7), 0.000, 0.000, 0.001, 0.045, 0.210, 0.482, 0.775, 1.010, 1.151, 1.195,
(0, 2, 3, 4, 5, 7), 0.000, 0.000, 0.002, 0.044, 0.205, 0.479, 0.792, 1.067, 1.255, 1.345,
(0, 1, 3, 4, 5, 7), 0.000, 0.000, 0.001, 0.045, 0.210, 0.492, 0.811, 1.088, 1.276, 1.362,
(0, 1, 3, 4, 6, 7), 0.000, 0.000, 0.001, 0.046, 0.215, 0.504, 0.829, 1.106, 1.290, 1.371,
(0, 1, 2, 3, 4, 5), 0.000, 0.000, 0.001, 0.039, 0.168, 0.381, 0.617, 0.817, 0.949, 1.003,
(0, 1, 3, 4, 5, 6), 0.000, 0.000, 0.001, 0.042, 0.194, 0.453, 0.751, 1.015, 1.199, 1.289,
(0, 1, 2, 4, 5, 6), 0.000, 0.000, 0.001, 0.043, 0.195, 0.455, 0.754, 1.016, 1.198, 1.285,
(0, 1, 2, 4, 6, 7), 0.000, 0.000, 0.001, 0.046, 0.217, 0.504, 0.824, 1.093, 1.267, 1.338,
(0, 1, 2, 3, 5, 6, 7), 0.000, 0.000, 0.000, 0.009, 0.090, 0.341, 0.817, 1.490, 2.278, 3.082,
(0, 1, 2, 3, 4, 5, 7), 0.000, 0.000, 0.000, 0.009, 0.087, 0.327, 0.783, 1.430, 2.193, 2.979,
(0, 1, 3, 4, 5, 6, 7), 0.000, 0.000, 0.000, 0.009, 0.089, 0.337, 0.807, 1.472, 2.253, 3.052,
(0, 2, 3, 4, 5, 6, 7), 0.000, 0.000, 0.000, 0.009, 0.087, 0.327, 0.783, 1.430, 2.193, 2.979,
(0, 1, 2, 3, 4, 5, 6), 0.000, 0.000, 0.000, 0.009, 0.080, 0.301, 0.721, 1.323, 2.040, 2.787,
(1, 2, 3, 4, 5, 6, 7), 0.000, 0.000, 0.000, 0.009, 0.080, 0.301, 0.721, 1.323, 2.040, 2.787,
(0, 1, 2, 4, 5, 6, 7), 0.000, 0.000, 0.000, 0.009, 0.090, 0.341, 0.817, 1.490, 2.278, 3.082,
(0, 1, 2, 3, 4, 6, 7), 0.000, 0.000, 0.000, 0.009, 0.089, 0.337, 0.807, 1.472, 2.253, 3.052,
(0, 1, 2, 3, 4, 5, 6, 7), 0.000, 0.000, 0.000, 0.002, 0.032, 0.200, 0.702, 1.762, 3.556, 6.168,
